[gd_scene load_steps=14 format=3 uid="uid://b8qljmt2uvrno"]

[ext_resource type="PackedScene" uid="uid://jv1ycp5de8" path="res://addons/examples/magic_balls/magic_ball.tscn" id="1_145le"]
[ext_resource type="Texture2D" uid="uid://colifr0dcdr4t" path="res://addons/examples/magic_balls/magicball_tint.svg" id="2_ll74a"]
[ext_resource type="Script" path="res://addons/examples/magic_balls/basic_cam.gd" id="3_1n4lt"]

[sub_resource type="PhysicsMaterial" id="PhysicsMaterial_88oob"]
friction = 0.25
bounce = 1.0

[sub_resource type="WorldBoundaryShape3D" id="WorldBoundaryShape3D_oajam"]

[sub_resource type="CompressedTexture2D" id="CompressedTexture2D_747dx"]

[sub_resource type="StandardMaterial3D" id="StandardMaterial3D_hgdfr"]
transparency = 2
alpha_scissor_threshold = 0.6
alpha_antialiasing_mode = 0
albedo_texture = SubResource("CompressedTexture2D_747dx")

[sub_resource type="PlaneMesh" id="PlaneMesh_3lv7h"]
material = SubResource("StandardMaterial3D_hgdfr")
size = Vector2(200, 200)

[sub_resource type="StandardMaterial3D" id="StandardMaterial3D_cx1mb"]
albedo_color = Color(0, 1, 0, 1)

[sub_resource type="BoxMesh" id="BoxMesh_7htpa"]
material = SubResource("StandardMaterial3D_cx1mb")
size = Vector3(25, 25, 25)

[sub_resource type="BoxShape3D" id="BoxShape3D_yr0lw"]
size = Vector3(10, 10, 10)

[sub_resource type="StandardMaterial3D" id="StandardMaterial3D_s1tyx"]
albedo_color = Color(0, 1, 1, 1)

[sub_resource type="BoxMesh" id="BoxMesh_pyw1i"]
material = SubResource("StandardMaterial3D_s1tyx")
size = Vector3(10, 10, 10)

[node name="Root" type="Node3D"]

[node name="Black 1" parent="." instance=ExtResource("1_145le")]
transform = Transform3D(1, 0, 0, 0, 1, 0, 0, 0, 1, -3.81508, 24.1923, -38.4707)
linear_velocity = Vector3(0.00486625, 3.59178, -0.0114402)
angular_velocity = Vector3(-0.00461309, 9.12505e-10, -0.00196216)

[node name="Billboard" parent="Black 1" index="0" node_paths=PackedStringArray("point_target")]
transform = Transform3D(-0.243962, 0.109304, -0.963605, 0, 0.993628, 0.11271, 0.969785, 0.0274969, -0.242407, 0, 0, 0)
point_target = NodePath("../../Cam")

[node name="Black 2" parent="." instance=ExtResource("1_145le")]
transform = Transform3D(1, 0, 0, 0, 1, 0, 0, 0, 1, -8.69465, 30.0015, -33.8082)
linear_velocity = Vector3(4.17453e-07, 3.13675e-05, 1.54859e-06)
angular_velocity = Vector3(-3.11186e-06, 2.77135e-07, 5.76111e-06)

[node name="Billboard" parent="Black 2" index="0" node_paths=PackedStringArray("point_target")]
transform = Transform3D(-0.18617, 0.163884, -0.968753, 0, 0.985991, 0.1668, 0.982518, 0.0310531, -0.183561, 0, 0, 0)
point_target = NodePath("../../Cam")

[node name="Black 3" parent="." instance=ExtResource("1_145le")]
transform = Transform3D(1, 0, 0, 0, 1, 0, 0, 0, 1, -7.48493, 23.982, -28.6348)
sleeping = true
linear_velocity = Vector3(-0.0861222, 7.57128e-05, 0.00136663)
angular_velocity = Vector3(0.000549598, 0.00844126, 0.0347285)

[node name="Billboard" parent="Black 3" index="0" node_paths=PackedStringArray("point_target")]
transform = Transform3D(-0.135438, 0.107481, -0.984939, 0, 0.994099, 0.10848, 0.990786, 0.0146923, -0.134639, 0, 0, 0)
point_target = NodePath("../../Cam")

[node name="Blue 1" parent="." instance=ExtResource("1_145le")]
transform = Transform3D(1, 0, 0, 0, 1, 0, 0, 0, 1, 6.56057, 36.2641, 0.92263)
physics_material_override = SubResource("PhysicsMaterial_88oob")
linear_velocity = Vector3(0, -0.048882, 0)
angular_velocity = Vector3(5.12628e-19, 0, -8.9487e-12)

[node name="Billboard" parent="Blue 1" index="0" node_paths=PackedStringArray("point_target")]
transform = Transform3D(0.205903, 0.261877, -0.942881, 0, 0.963527, 0.267612, 0.978572, -0.0551022, 0.198393, 0, 0, 0)
texture = ExtResource("2_ll74a")
direction_textures = Array[Texture2D]([ExtResource("2_ll74a")])
point_target = NodePath("../../Cam")

[node name="Blue 2" parent="." instance=ExtResource("1_145le")]
transform = Transform3D(1, 0, 0, 0, 1, 0, 0, 0, 1, 4.72672, 31.3514, 9.40272)
physics_material_override = SubResource("PhysicsMaterial_88oob")
linear_velocity = Vector3(0, -1.18184, 0)
angular_velocity = Vector3(6.35622e-19, 0, -1.10957e-11)

[node name="Billboard" parent="Blue 2" index="0" node_paths=PackedStringArray("point_target")]
transform = Transform3D(0.295909, 0.193983, -0.935312, 0, 0.979163, 0.203077, 0.955216, -0.0600923, 0.289743, 0, 0, 0)
texture = ExtResource("2_ll74a")
direction_textures = Array[Texture2D]([ExtResource("2_ll74a")])
point_target = NodePath("../../Cam")

[node name="Blue 3" parent="." instance=ExtResource("1_145le")]
transform = Transform3D(1, 0, 0, 0, 1, 0, 0, 0, 1, 4.61631, 39.09, -8.36924)
physics_material_override = SubResource("PhysicsMaterial_88oob")
linear_velocity = Vector3(0, 0.113933, 0)
angular_velocity = Vector3(5.40101e-19, 0, -9.4282e-12)

[node name="Billboard" parent="Blue 3" index="0" node_paths=PackedStringArray("point_target")]
transform = Transform3D(0.0910975, 0.295221, -0.951076, 0, 0.955048, 0.296454, 0.995842, -0.0270062, 0.0870025, 0, 0, 0)
texture = ExtResource("2_ll74a")
direction_textures = Array[Texture2D]([ExtResource("2_ll74a")])
point_target = NodePath("../../Cam")

[node name="Cam" type="Camera3D" parent="."]
transform = Transform3D(-4.37114e-08, 0, 1, 0, 1, 0, -1, 0, -4.37114e-08, 23.5904, 6.33915, 0)
script = ExtResource("3_1n4lt")

[node name="World" type="Node3D" parent="."]

[node name="Light" type="DirectionalLight3D" parent="World"]
transform = Transform3D(0.707107, -0.612372, 0.353553, 0, 0.5, 0.866025, -0.707107, -0.612372, 0.353553, 0, 45, 15)
sky_mode = 1

[node name="Floor" type="StaticBody3D" parent="World"]

[node name="Collision" type="CollisionShape3D" parent="World/Floor"]
shape = SubResource("WorldBoundaryShape3D_oajam")

[node name="Mesh" type="MeshInstance3D" parent="World/Floor"]
transform = Transform3D(-4.37114e-08, 0, 1, 0, 1, 0, -1, 0, -4.37114e-08, 0, 0, 0)
mesh = SubResource("PlaneMesh_3lv7h")

[node name="Green 1" type="StaticBody3D" parent="World"]
transform = Transform3D(1, 0, 0, 0, 1, 0, 0, 0, 1, -58.1086, 11.9254, 63.1801)

[node name="Mesh" type="MeshInstance3D" parent="World/Green 1"]
mesh = SubResource("BoxMesh_7htpa")

[node name="Collision" type="CollisionShape3D" parent="World/Green 1"]
shape = SubResource("BoxShape3D_yr0lw")

[node name="Green 2" type="StaticBody3D" parent="World"]
transform = Transform3D(1, 0, 0, 0, 1, 0, 0, 0, 1, -43.2095, 11.9984, -61.2879)

[node name="Mesh" type="MeshInstance3D" parent="World/Green 2"]
mesh = SubResource("BoxMesh_7htpa")

[node name="Collision" type="CollisionShape3D" parent="World/Green 2"]
shape = SubResource("BoxShape3D_yr0lw")

[node name="Cyan 1" type="StaticBody3D" parent="World"]
transform = Transform3D(1, 0, 0, 0, 1, 0, 0, 0, 1, -35.7451, 4.35122, 41.2229)

[node name="Mesh" type="MeshInstance3D" parent="World/Cyan 1"]
mesh = SubResource("BoxMesh_pyw1i")

[node name="Collision" type="CollisionShape3D" parent="World/Cyan 1"]
shape = SubResource("BoxShape3D_yr0lw")

[node name="Cyan 2" type="StaticBody3D" parent="World"]
transform = Transform3D(1, 0, 0, 0, 1, 0, 0, 0, 1, -31.3046, 4.35122, -40.7105)

[node name="Mesh" type="MeshInstance3D" parent="World/Cyan 2"]
mesh = SubResource("BoxMesh_pyw1i")

[node name="Collision" type="CollisionShape3D" parent="World/Cyan 2"]
shape = SubResource("BoxShape3D_yr0lw")

[node name="Cyan 3" type="StaticBody3D" parent="World"]
transform = Transform3D(1, 0, 0, 0, 1, 0, 0, 0, 1, -43.2573, 27.8835, -60.232)

[node name="Mesh" type="MeshInstance3D" parent="World/Cyan 3"]
mesh = SubResource("BoxMesh_pyw1i")

[node name="Collision" type="CollisionShape3D" parent="World/Cyan 3"]
shape = SubResource("BoxShape3D_yr0lw")

[editable path="Black 1"]
[editable path="Black 2"]
[editable path="Black 3"]
[editable path="Blue 1"]
[editable path="Blue 2"]
[editable path="Blue 3"]
